50RNV-1419-336-50;30.88257966,117.74253972;30.88235559,117.74227645;30.88280372,117.74280299;30.88235259,117.74279951;30.88280673,117.74227993;163469,152,41;163411,151,-107;163374,152,-108;163370,151,-109;163374,151,-112;
50RNV-1477-514-50;30.96270237,117.77352317;30.96247838,117.77325961;30.96292636,117.77378674;30.96247524,117.77378310;30.96292950,117.77326324;163469,151,55;
50RNV-1419-336-50;30.88257966,117.74253972;30.88235559,117.74227645;30.88280372,117.74280299;30.88235259,117.74279951;30.88280673,117.74227993;163469,152,41;163411,151,-107;163374,152,-110;163352,151,-112;163374,151,-112;448962,21,-113;
50RNV-1419-336-50;30.88257966,117.74253972;30.88235559,117.74227645;30.88280372,117.74280299;30.88235259,117.74279951;30.88280673,117.74227993;163469,152,42;163374,151,-109;163374,152,-109;448962,21,-110;163411,151,-111;
50RNV-1419-336-50;30.88257966,117.74253972;30.88235559,117.74227645;30.88280372,117.74280299;30.88235259,117.74279951;30.88280673,117.74227993;163469,152,42;448962,21,-106;163374,152,-108;163411,151,-108;163374,151,-108;448962,20,-111;163352,151,-111;
50RNV-1419-336-50;30.88257966,117.74253972;30.88235559,117.74227645;30.88280372,117.74280299;30.88235259,117.74279951;30.88280673,117.74227993;163469,152,41;163411,151,-107;163457,150,-107;163374,152,-108;163374,151,-111;
50RNV-1419-336-50;30.88257966,117.74253972;30.88235559,117.74227645;30.88280372,117.74280299;30.88235259,117.74279951;30.88280673,117.74227993;163469,152,43;163374,152,-109;163411,151,-109;163457,150,-111;448962,21,-112;
50RNV-1419-336-50;30.88257966,117.74253972;30.88235559,117.74227645;30.88280372,117.74280299;30.88235259,117.74279951;30.88280673,117.74227993;163469,152,42;163374,152,-106;448962,21,-108;448962,20,-111;163396,151,-111;163457,150,-111;
50RNV-1419-336-50;30.88257966,117.74253972;30.88235559,117.74227645;30.88280372,117.74280299;30.88235259,117.74279951;30.88280673,117.74227993;163469,152,44;448962,21,-107;163374,152,-109;163457,150,-111;
50RNV-1419-336-50;30.88257966,117.74253972;30.88235559,117.74227645;30.88280372,117.74280299;30.88235259,117.74279951;30.88280673,117.74227993;163469,152,42;163374,151,-107;448962,21,-108;163374,152,-109;163411,151,-109;
50RNV-1477-515-50;30.96315349,117.77352681;30.96292950,117.77326324;30.96337749,117.77379037;30.96292636,117.77378674;30.96338062,117.77326688;163469,151,51;
50RNV-1419-336-50;30.88257966,117.74253972;30.88235559,117.74227645;30.88280372,117.74280299;30.88235259,117.74279951;30.88280673,117.74227993;163469,152,40;448962,21,-100;163411,151,-101;163395,151,-101;163457,150,-105;
50RNV-1419-336-50;30.88257966,117.74253972;30.88235559,117.74227645;30.88280372,117.74280299;30.88235259,117.74279951;30.88280673,117.74227993;163469,152,41;163411,151,-107;163374,151,-111;163374,152,-111;163457,150,-112;
50RNV-1419-336-50;30.88257966,117.74253972;30.88235559,117.74227645;30.88280372,117.74280299;30.88235259,117.74279951;30.88280673,117.74227993;163469,152,37;163374,152,-105;448962,21,-106;163374,151,-107;163411,151,-109;
50RNV-1419-337-50;30.88303079,117.74254320;30.88280673,117.74227993;30.88325486,117.74280648;30.88280372,117.74280299;30.88325786,117.74228341;163469,152,42;448962,21,-106;163411,151,-106;163374,151,-107;163374,152,-107;163457,150,-110;
50RNV-1419-336-50;30.88257966,117.74253972;30.88235559,117.74227645;30.88280372,117.74280299;30.88235259,117.74279951;30.88280673,117.74227993;163469,152,42;448962,21,-108;163374,152,-108;163411,151,-110;163374,151,-110;163457,150,-112;
50RNV-1419-336-50;30.88257966,117.74253972;30.88235559,117.74227645;30.88280372,117.74280299;30.88235259,117.74279951;30.88280673,117.74227993;163469,152,42;163411,151,-107;448962,21,-108;163374,152,-109;163374,151,-110;
50RNV-1419-336-50;30.88257966,117.74253972;30.88235559,117.74227645;30.88280372,117.74280299;30.88235259,117.74279951;30.88280673,117.74227993;163469,152,41;163395,151,-105;448962,21,-106;163374,151,-107;163411,151,-107;163374,152,-109;
50RNV-1419-336-50;30.88257966,117.74253972;30.88235559,117.74227645;30.88280372,117.74280299;30.88235259,117.74279951;30.88280673,117.74227993;163469,152,41;163411,151,-107;448962,21,-107;163374,151,-109;163457,150,-113;
50RNV-1477-515-50;30.96315349,117.77352681;30.96292950,117.77326324;30.96337749,117.77379037;30.96292636,117.77378674;30.96338062,117.77326688;163469,151,49;
50RNV-1419-336-50;30.88257966,117.74253972;30.88235559,117.74227645;30.88280372,117.74280299;30.88235259,117.74279951;30.88280673,117.74227993;163469,152,43;448962,21,-108;163411,151,-109;163395,151,-110;163374,151,-110;163352,151,-111;
50RNV-1419-337-50;30.88303079,117.74254320;30.88280673,117.74227993;30.88325486,117.74280648;30.88280372,117.74280299;30.88325786,117.74228341;163469,152,40;448962,21,-101;163411,151,-108;163352,151,-108;163457,150,-108;
50RNV-1419-336-50;30.88257966,117.74253972;30.88235559,117.74227645;30.88280372,117.74280299;30.88235259,117.74279951;30.88280673,117.74227993;163469,152,43;448962,21,-106;163374,151,-108;163370,151,-109;163457,150,-110;
50RNV-1419-336-50;30.88257966,117.74253972;30.88235559,117.74227645;30.88280372,117.74280299;30.88235259,117.74279951;30.88280673,117.74227993;163469,152,38;163374,152,-108;163411,151,-109;163374,151,-109;163457,150,-111;
50RNV-1419-336-50;30.88257966,117.74253972;30.88235559,117.74227645;30.88280372,117.74280299;30.88235259,117.74279951;30.88280673,117.74227993;163469,152,41;448962,21,-106;163411,151,-107;163374,152,-108;163352,151,-112;
50RNV-1419-336-50;30.88257966,117.74253972;30.88235559,117.74227645;30.88280372,117.74280299;30.88235259,117.74279951;30.88280673,117.74227993;163469,152,41;163411,151,-106;163370,151,-109;448962,21,-109;163374,151,-110;163374,152,-113;163457,150,-108;
50RNV-1477-515-50;30.96315349,117.77352681;30.96292950,117.77326324;30.96337749,117.77379037;30.96292636,117.77378674;30.96338062,117.77326688;163469,151,55;
50RNV-1419-336-50;30.88257966,117.74253972;30.88235559,117.74227645;30.88280372,117.74280299;30.88235259,117.74279951;30.88280673,117.74227993;163469,152,41;163411,151,-107;163374,152,-108;163370,151,-109;163374,151,-112;
50RNV-1477-514-50;30.96270237,117.77352317;30.96247838,117.77325961;30.96292636,117.77378674;30.96247524,117.77378310;30.96292950,117.77326324;163469,151,55;
50RNV-1419-336-50;30.88257966,117.74253972;30.88235559,117.74227645;30.88280372,117.74280299;30.88235259,117.74279951;30.88280673,117.74227993;163469,152,41;163411,151,-107;163374,152,-110;163352,151,-112;163374,151,-112;448962,21,-113;
50RNV-1419-336-50;30.88257966,117.74253972;30.88235559,117.74227645;30.88280372,117.74280299;30.88235259,117.74279951;30.88280673,117.74227993;163469,152,42;163374,151,-109;163374,152,-109;448962,21,-110;163411,151,-111;
50RNV-1419-336-50;30.88257966,117.74253972;30.88235559,117.74227645;30.88280372,117.74280299;30.88235259,117.74279951;30.88280673,117.74227993;163469,152,42;448962,21,-106;163374,152,-108;163411,151,-108;163374,151,-108;448962,20,-111;163352,151,-111;
50RNV-1419-336-50;30.88257966,117.74253972;30.88235559,117.74227645;30.88280372,117.74280299;30.88235259,117.74279951;30.88280673,117.74227993;163469,152,41;163411,151,-107;163457,150,-107;163374,152,-108;163374,151,-111;
50RNV-1419-336-50;30.88257966,117.74253972;30.88235559,117.74227645;30.88280372,117.74280299;30.88235259,117.74279951;30.88280673,117.74227993;163469,152,43;163374,152,-109;163411,151,-109;163457,150,-111;448962,21,-112;
50RNV-1419-336-50;30.88257966,117.74253972;30.88235559,117.74227645;30.88280372,117.74280299;30.88235259,117.74279951;30.88280673,117.74227993;163469,152,42;163374,152,-106;448962,21,-108;448962,20,-111;163396,151,-111;163457,150,-111;
50RNV-1419-336-50;30.88257966,117.74253972;30.88235559,117.74227645;30.88280372,117.74280299;30.88235259,117.74279951;30.88280673,117.74227993;163469,152,44;448962,21,-107;163374,152,-109;163457,150,-111;
50RNV-1419-336-50;30.88257966,117.74253972;30.88235559,117.74227645;30.88280372,117.74280299;30.88235259,117.74279951;30.88280673,117.74227993;163469,152,42;163374,151,-107;448962,21,-108;163374,152,-109;163411,151,-109;
50RNV-1477-515-50;30.96315349,117.77352681;30.96292950,117.77326324;30.96337749,117.77379037;30.96292636,117.77378674;30.96338062,117.77326688;163469,151,51;
50RNV-1419-336-50;30.88257966,117.74253972;30.88235559,117.74227645;30.88280372,117.74280299;30.88235259,117.74279951;30.88280673,117.74227993;163469,152,40;448962,21,-100;163411,151,-101;163395,151,-101;163457,150,-105;
50RNV-1419-336-50;30.88257966,117.74253972;30.88235559,117.74227645;30.88280372,117.74280299;30.88235259,117.74279951;30.88280673,117.74227993;163469,152,41;163411,151,-107;163374,151,-111;163374,152,-111;163457,150,-112;
50RNV-1419-336-50;30.88257966,117.74253972;30.88235559,117.74227645;30.88280372,117.74280299;30.88235259,117.74279951;30.88280673,117.74227993;163469,152,37;163374,152,-105;448962,21,-106;163374,151,-107;163411,151,-109;
50RNV-1419-337-50;30.88303079,117.74254320;30.88280673,117.74227993;30.88325486,117.74280648;30.88280372,117.74280299;30.88325786,117.74228341;163469,152,42;448962,21,-106;163411,151,-106;163374,151,-107;163374,152,-107;163457,150,-110;
50RNV-1419-336-50;30.88257966,117.74253972;30.88235559,117.74227645;30.88280372,117.74280299;30.88235259,117.74279951;30.88280673,117.74227993;163469,152,42;448962,21,-108;163374,152,-108;163411,151,-110;163374,151,-110;163457,150,-112;
50RNV-1419-336-50;30.88257966,117.74253972;30.88235559,117.74227645;30.88280372,117.74280299;30.88235259,117.74279951;30.88280673,117.74227993;163469,152,42;163411,151,-107;448962,21,-108;163374,152,-109;163374,151,-110;
50RNV-1419-336-50;30.88257966,117.74253972;30.88235559,117.74227645;30.88280372,117.74280299;30.88235259,117.74279951;30.88280673,117.74227993;163469,152,41;163395,151,-105;448962,21,-106;163374,151,-107;163411,151,-107;163374,152,-109;
50RNV-1419-336-50;30.88257966,117.74253972;30.88235559,117.74227645;30.88280372,117.74280299;30.88235259,117.74279951;30.88280673,117.74227993;163469,152,41;163411,151,-107;448962,21,-107;163374,151,-109;163457,150,-113;
50RNV-1477-515-50;30.96315349,117.77352681;30.96292950,117.77326324;30.96337749,117.77379037;30.96292636,117.77378674;30.96338062,117.77326688;163469,151,49;
50RNV-1419-336-50;30.88257966,117.74253972;30.88235559,117.74227645;30.88280372,117.74280299;30.88235259,117.74279951;30.88280673,117.74227993;163469,152,43;448962,21,-108;163411,151,-109;163395,151,-110;163374,151,-110;163352,151,-111;
50RNV-1419-337-50;30.88303079,117.74254320;30.88280673,117.74227993;30.88325486,117.74280648;30.88280372,117.74280299;30.88325786,117.74228341;163469,152,40;448962,21,-101;163411,151,-108;163352,151,-108;163457,150,-108;
50RNV-1419-336-50;30.88257966,117.74253972;30.88235559,117.74227645;30.88280372,117.74280299;30.88235259,117.74279951;30.88280673,117.74227993;163469,152,43;448962,21,-106;163374,151,-108;163370,151,-109;163457,150,-110;
50RNV-1419-336-50;30.88257966,117.74253972;30.88235559,117.74227645;30.88280372,117.74280299;30.88235259,117.74279951;30.88280673,117.74227993;163469,152,38;163374,152,-108;163411,151,-109;163374,151,-109;163457,150,-111;
50RNV-1419-336-50;30.88257966,117.74253972;30.88235559,117.74227645;30.88280372,117.74280299;30.88235259,117.74279951;30.88280673,117.74227993;163469,152,41;448962,21,-106;163411,151,-107;163374,152,-108;163352,151,-112;
50RNV-1419-336-50;30.88257966,117.74253972;30.88235559,117.74227645;30.88280372,117.74280299;30.88235259,117.74279951;30.88280673,117.74227993;163469,152,41;163411,151,-106;163370,151,-109;448962,21,-109;163374,151,-110;163374,152,-113;163457,150,-108;
50RNV-1477-515-50;30.96315349,117.77352681;30.96292950,117.77326324;30.96337749,117.77379037;30.96292636,117.77378674;30.96338062,117.77326688;163469,151,55;
50RNV-1419-336-50;30.88257966,117.74253972;30.88235559,117.74227645;30.88280372,117.74280299;30.88235259,117.74279951;30.88280673,117.74227993;163469,152,41;163411,151,-107;163374,152,-108;163370,151,-109;163374,151,-112;
50RNV-1477-514-50;30.96270237,117.77352317;30.96247838,117.77325961;30.96292636,117.77378674;30.96247524,117.77378310;30.96292950,117.77326324;163469,151,55;
50RNV-1419-336-50;30.88257966,117.74253972;30.88235559,117.74227645;30.88280372,117.74280299;30.88235259,117.74279951;30.88280673,117.74227993;163469,152,41;163411,151,-107;163374,152,-110;163352,151,-112;163374,151,-112;448962,21,-113;
50RNV-1419-336-50;30.88257966,117.74253972;30.88235559,117.74227645;30.88280372,117.74280299;30.88235259,117.74279951;30.88280673,117.74227993;163469,152,42;163374,151,-109;163374,152,-109;448962,21,-110;163411,151,-111;
50RNV-1419-336-50;30.88257966,117.74253972;30.88235559,117.74227645;30.88280372,117.74280299;30.88235259,117.74279951;30.88280673,117.74227993;163469,152,42;448962,21,-106;163374,152,-108;163411,151,-108;163374,151,-108;448962,20,-111;163352,151,-111;
50RNV-1419-336-50;30.88257966,117.74253972;30.88235559,117.74227645;30.88280372,117.74280299;30.88235259,117.74279951;30.88280673,117.74227993;163469,152,41;163411,151,-107;163457,150,-107;163374,152,-108;163374,151,-111;
50RNV-1419-336-50;30.88257966,117.74253972;30.88235559,117.74227645;30.88280372,117.74280299;30.88235259,117.74279951;30.88280673,117.74227993;163469,152,43;163374,152,-109;163411,151,-109;163457,150,-111;448962,21,-112;
50RNV-1419-336-50;30.88257966,117.74253972;30.88235559,117.74227645;30.88280372,117.74280299;30.88235259,117.74279951;30.88280673,117.74227993;163469,152,42;163374,152,-106;448962,21,-108;448962,20,-111;163396,151,-111;163457,150,-111;
50RNV-1419-336-50;30.88257966,117.74253972;30.88235559,117.74227645;30.88280372,117.74280299;30.88235259,117.74279951;30.88280673,117.74227993;163469,152,44;448962,21,-107;163374,152,-109;163457,150,-111;
50RNV-1419-336-50;30.88257966,117.74253972;30.88235559,117.74227645;30.88280372,117.74280299;30.88235259,117.74279951;30.88280673,117.74227993;163469,152,42;163374,151,-107;448962,21,-108;163374,152,-109;163411,151,-109;
50RNV-1477-515-50;30.96315349,117.77352681;30.96292950,117.77326324;30.96337749,117.77379037;30.96292636,117.77378674;30.96338062,117.77326688;163469,151,51;
50RNV-1419-336-50;30.88257966,117.74253972;30.88235559,117.74227645;30.88280372,117.74280299;30.88235259,117.74279951;30.88280673,117.74227993;163469,152,40;448962,21,-100;163411,151,-101;163395,151,-101;163457,150,-105;
50RNV-1419-336-50;30.88257966,117.74253972;30.88235559,117.74227645;30.88280372,117.74280299;30.88235259,117.74279951;30.88280673,117.74227993;163469,152,41;163411,151,-107;163374,151,-111;163374,152,-111;163457,150,-112;
50RNV-1419-336-50;30.88257966,117.74253972;30.88235559,117.74227645;30.88280372,117.74280299;30.88235259,117.74279951;30.88280673,117.74227993;163469,152,37;163374,152,-105;448962,21,-106;163374,151,-107;163411,151,-109;
50RNV-1419-337-50;30.88303079,117.74254320;30.88280673,117.74227993;30.88325486,117.74280648;30.88280372,117.74280299;30.88325786,117.74228341;163469,152,42;448962,21,-106;163411,151,-106;163374,151,-107;163374,152,-107;163457,150,-110;
50RNV-1419-336-50;30.88257966,117.74253972;30.88235559,117.74227645;30.88280372,117.74280299;30.88235259,117.74279951;30.88280673,117.74227993;163469,152,42;448962,21,-108;163374,152,-108;163411,151,-110;163374,151,-110;163457,150,-112;
50RNV-1419-336-50;30.88257966,117.74253972;30.88235559,117.74227645;30.88280372,117.74280299;30.88235259,117.74279951;30.88280673,117.74227993;163469,152,42;163411,151,-107;448962,21,-108;163374,152,-109;163374,151,-110;
50RNV-1419-336-50;30.88257966,117.74253972;30.88235559,117.74227645;30.88280372,117.74280299;30.88235259,117.74279951;30.88280673,117.74227993;163469,152,41;163395,151,-105;448962,21,-106;163374,151,-107;163411,151,-107;163374,152,-109;
50RNV-1419-336-50;30.88257966,117.74253972;30.88235559,117.74227645;30.88280372,117.74280299;30.88235259,117.74279951;30.88280673,117.74227993;163469,152,41;163411,151,-107;448962,21,-107;163374,151,-109;163457,150,-113;
50RNV-1477-515-50;30.96315349,117.77352681;30.96292950,117.77326324;30.96337749,117.77379037;30.96292636,117.77378674;30.96338062,117.77326688;163469,151,49;
50RNV-1419-336-50;30.88257966,117.74253972;30.88235559,117.74227645;30.88280372,117.74280299;30.88235259,117.74279951;30.88280673,117.74227993;163469,152,43;448962,21,-108;163411,151,-109;163395,151,-110;163374,151,-110;163352,151,-111;
50RNV-1419-337-50;30.88303079,117.74254320;30.88280673,117.74227993;30.88325486,117.74280648;30.88280372,117.74280299;30.88325786,117.74228341;163469,152,40;448962,21,-101;163411,151,-108;163352,151,-108;163457,150,-108;
50RNV-1419-336-50;30.88257966,117.74253972;30.88235559,117.74227645;30.88280372,117.74280299;30.88235259,117.74279951;30.88280673,117.74227993;163469,152,43;448962,21,-106;163374,151,-108;163370,151,-109;163457,150,-110;
50RNV-1419-336-50;30.88257966,117.74253972;30.88235559,117.74227645;30.88280372,117.74280299;30.88235259,117.74279951;30.88280673,117.74227993;163469,152,38;163374,152,-108;163411,151,-109;163374,151,-109;163457,150,-111;
50RNV-1419-336-50;30.88257966,117.74253972;30.88235559,117.74227645;30.88280372,117.74280299;30.88235259,117.74279951;30.88280673,117.74227993;163469,152,41;448962,21,-106;163411,151,-107;163374,152,-108;163352,151,-112;
50RNV-1419-336-50;30.88257966,117.74253972;30.88235559,117.74227645;30.88280372,117.74280299;30.88235259,117.74279951;30.88280673,117.74227993;163469,152,41;163411,151,-106;163370,151,-109;448962,21,-109;163374,151,-110;163374,152,-113;163457,150,-108;
50RNV-1477-515-50;30.96315349,117.77352681;30.96292950,117.77326324;30.96337749,117.77379037;30.96292636,117.77378674;30.96338062,117.77326688;163469,151,55;
50RNV-1419-336-50;30.88257966,117.74253972;30.88235559,117.74227645;30.88280372,117.74280299;30.88235259,117.74279951;30.88280673,117.74227993;163469,152,41;163411,151,-107;163374,152,-108;163370,151,-109;163374,151,-112;
50RNV-1477-514-50;30.96270237,117.77352317;30.96247838,117.77325961;30.96292636,117.77378674;30.96247524,117.77378310;30.96292950,117.77326324;163469,151,55;
50RNV-1419-336-50;30.88257966,117.74253972;30.88235559,117.74227645;30.88280372,117.74280299;30.88235259,117.74279951;30.88280673,117.74227993;163469,152,41;163411,151,-107;163374,152,-110;163352,151,-112;163374,151,-112;448962,21,-113;
50RNV-1419-336-50;30.88257966,117.74253972;30.88235559,117.74227645;30.88280372,117.74280299;30.88235259,117.74279951;30.88280673,117.74227993;163469,152,42;163374,151,-109;163374,152,-109;448962,21,-110;163411,151,-111;
50RNV-1419-336-50;30.88257966,117.74253972;30.88235559,117.74227645;30.88280372,117.74280299;30.88235259,117.74279951;30.88280673,117.74227993;163469,152,42;448962,21,-106;163374,152,-108;163411,151,-108;163374,151,-108;448962,20,-111;163352,151,-111;
50RNV-1419-336-50;30.88257966,117.74253972;30.88235559,117.74227645;30.88280372,117.74280299;30.88235259,117.74279951;30.88280673,117.74227993;163469,152,41;163411,151,-107;163457,150,-107;163374,152,-108;163374,151,-111;
50RNV-1419-336-50;30.88257966,117.74253972;30.88235559,117.74227645;30.88280372,117.74280299;30.88235259,117.74279951;30.88280673,117.74227993;163469,152,43;163374,152,-109;163411,151,-109;163457,150,-111;448962,21,-112;
50RNV-1419-336-50;30.88257966,117.74253972;30.88235559,117.74227645;30.88280372,117.74280299;30.88235259,117.74279951;30.88280673,117.74227993;163469,152,42;163374,152,-106;448962,21,-108;448962,20,-111;163396,151,-111;163457,150,-111;
50RNV-1419-336-50;30.88257966,117.74253972;30.88235559,117.74227645;30.88280372,117.74280299;30.88235259,117.74279951;30.88280673,117.74227993;163469,152,44;448962,21,-107;163374,152,-109;163457,150,-111;
50RNV-1419-336-50;30.88257966,117.74253972;30.88235559,117.74227645;30.88280372,117.74280299;30.88235259,117.74279951;30.88280673,117.74227993;163469,152,42;163374,151,-107;448962,21,-108;163374,152,-109;163411,151,-109;
50RNV-1477-515-50;30.96315349,117.77352681;30.96292950,117.77326324;30.96337749,117.77379037;30.96292636,117.77378674;30.96338062,117.77326688;163469,151,51;
50RNV-1419-336-50;30.88257966,117.74253972;30.88235559,117.74227645;30.88280372,117.74280299;30.88235259,117.74279951;30.88280673,117.74227993;163469,152,40;448962,21,-100;163411,151,-101;163395,151,-101;163457,150,-105;
50RNV-1419-336-50;30.88257966,117.74253972;30.88235559,117.74227645;30.88280372,117.74280299;30.88235259,117.74279951;30.88280673,117.74227993;163469,152,41;163411,151,-107;163374,151,-111;163374,152,-111;163457,150,-112;
50RNV-1419-336-50;30.88257966,117.74253972;30.88235559,117.74227645;30.88280372,117.74280299;30.88235259,117.74279951;30.88280673,117.74227993;163469,152,37;163374,152,-105;448962,21,-106;163374,151,-107;163411,151,-109;
50RNV-1419-337-50;30.88303079,117.74254320;30.88280673,117.74227993;30.88325486,117.74280648;30.88280372,117.74280299;30.88325786,117.74228341;163469,152,42;448962,21,-106;163411,151,-106;163374,151,-107;163374,152,-107;163457,150,-110;
50RNV-1419-336-50;30.88257966,117.74253972;30.88235559,117.74227645;30.88280372,117.74280299;30.88235259,117.74279951;30.88280673,117.74227993;163469,152,42;448962,21,-108;163374,152,-108;163411,151,-110;163374,151,-110;163457,150,-112;
50RNV-1419-336-50;30.88257966,117.74253972;30.88235559,117.74227645;30.88280372,117.74280299;30.88235259,117.74279951;30.88280673,117.74227993;163469,152,42;163411,151,-107;448962,21,-108;163374,152,-109;163374,151,-110;
50RNV-1419-336-50;30.88257966,117.74253972;30.88235559,117.74227645;30.88280372,117.74280299;30.88235259,117.74279951;30.88280673,117.74227993;163469,152,41;163395,151,-105;448962,21,-106;163374,151,-107;163411,151,-107;163374,152,-109;
50RNV-1419-336-50;30.88257966,117.74253972;30.88235559,117.74227645;30.88280372,117.74280299;30.88235259,117.74279951;30.88280673,117.74227993;163469,152,41;163411,151,-107;448962,21,-107;163374,151,-109;163457,150,-113;
50RNV-1477-515-50;30.96315349,117.77352681;30.96292950,117.77326324;30.96337749,117.77379037;30.96292636,117.77378674;30.96338062,117.77326688;163469,151,49;
50RNV-1419-336-50;30.88257966,117.74253972;30.88235559,117.74227645;30.88280372,117.74280299;30.88235259,117.74279951;30.88280673,117.74227993;163469,152,43;448962,21,-108;163411,151,-109;163395,151,-110;163374,151,-110;163352,151,-111;
50RNV-1419-337-50;30.88303079,117.74254320;30.88280673,117.74227993;30.88325486,117.74280648;30.88280372,117.74280299;30.88325786,117.74228341;163469,152,40;448962,21,-101;163411,151,-108;163352,151,-108;163457,150,-108;
50RNV-1419-336-50;30.88257966,117.74253972;30.88235559,117.74227645;30.88280372,117.74280299;30.88235259,117.74279951;30.88280673,117.74227993;163469,152,43;448962,21,-106;163374,151,-108;163370,151,-109;163457,150,-110;
50RNV-1419-336-50;30.88257966,117.74253972;30.88235559,117.74227645;30.88280372,117.74280299;30.88235259,117.74279951;30.88280673,117.74227993;163469,152,38;163374,152,-108;163411,151,-109;163374,151,-109;163457,150,-111;
50RNV-1419-336-50;30.88257966,117.74253972;30.88235559,117.74227645;30.88280372,117.74280299;30.88235259,117.74279951;30.88280673,117.74227993;163469,152,41;448962,21,-106;163411,151,-107;163374,152,-108;163352,151,-112;
50RNV-1419-336-50;30.88257966,117.74253972;30.88235559,117.74227645;30.88280372,117.74280299;30.88235259,117.74279951;30.88280673,117.74227993;163469,152,41;163411,151,-106;163370,151,-109;448962,21,-109;163374,151,-110;163374,152,-113;163457,150,-108;
50RNV-1477-515-50;30.96315349,117.77352681;30.96292950,117.77326324;30.96337749,117.77379037;30.96292636,117.77378674;30.96338062,117.77326688;163469,151,55;
50RNV-1419-336-50;30.88257966,117.74253972;30.88235559,117.74227645;30.88280372,117.74280299;30.88235259,117.74279951;30.88280673,117.74227993;163469,152,41;163411,151,-107;163374,152,-108;163370,151,-109;163374,151,-112;
50RNV-1477-514-50;30.96270237,117.77352317;30.96247838,117.77325961;30.96292636,117.77378674;30.96247524,117.77378310;30.96292950,117.77326324;163469,151,55;
50RNV-1419-336-50;30.88257966,117.74253972;30.88235559,117.74227645;30.88280372,117.74280299;30.88235259,117.74279951;30.88280673,117.74227993;163469,152,41;163411,151,-107;163374,152,-110;163352,151,-112;163374,151,-112;448962,21,-113;
50RNV-1419-336-50;30.88257966,117.74253972;30.88235559,117.74227645;30.88280372,117.74280299;30.88235259,117.74279951;30.88280673,117.74227993;163469,152,42;163374,151,-109;163374,152,-109;448962,21,-110;163411,151,-111;
50RNV-1419-336-50;30.88257966,117.74253972;30.88235559,117.74227645;30.88280372,117.74280299;30.88235259,117.74279951;30.88280673,117.74227993;163469,152,42;448962,21,-106;163374,152,-108;163411,151,-108;163374,151,-108;448962,20,-111;163352,151,-111;
50RNV-1419-336-50;30.88257966,117.74253972;30.88235559,117.74227645;30.88280372,117.74280299;30.88235259,117.74279951;30.88280673,117.74227993;163469,152,41;163411,151,-107;163457,150,-107;163374,152,-108;163374,151,-111;
50RNV-1419-336-50;30.88257966,117.74253972;30.88235559,117.74227645;30.88280372,117.74280299;30.88235259,117.74279951;30.88280673,117.74227993;163469,152,43;163374,152,-109;163411,151,-109;163457,150,-111;448962,21,-112;
50RNV-1419-336-50;30.88257966,117.74253972;30.88235559,117.74227645;30.88280372,117.74280299;30.88235259,117.74279951;30.88280673,117.74227993;163469,152,42;163374,152,-106;448962,21,-108;448962,20,-111;163396,151,-111;163457,150,-111;
50RNV-1419-336-50;30.88257966,117.74253972;30.88235559,117.74227645;30.88280372,117.74280299;30.88235259,117.74279951;30.88280673,117.74227993;163469,152,44;448962,21,-107;163374,152,-109;163457,150,-111;
50RNV-1419-336-50;30.88257966,117.74253972;30.88235559,117.74227645;30.88280372,117.74280299;30.88235259,117.74279951;30.88280673,117.74227993;163469,152,42;163374,151,-107;448962,21,-108;163374,152,-109;163411,151,-109;
50RNV-1477-515-50;30.96315349,117.77352681;30.96292950,117.77326324;30.96337749,117.77379037;30.96292636,117.77378674;30.96338062,117.77326688;163469,151,51;
50RNV-1419-336-50;30.88257966,117.74253972;30.88235559,117.74227645;30.88280372,117.74280299;30.88235259,117.74279951;30.88280673,117.74227993;163469,152,40;448962,21,-100;163411,151,-101;163395,151,-101;163457,150,-105;
50RNV-1419-336-50;30.88257966,117.74253972;30.88235559,117.74227645;30.88280372,117.74280299;30.88235259,117.74279951;30.88280673,117.74227993;163469,152,41;163411,151,-107;163374,151,-111;163374,152,-111;163457,150,-112;
50RNV-1419-336-50;30.88257966,117.74253972;30.88235559,117.74227645;30.88280372,117.74280299;30.88235259,117.74279951;30.88280673,117.74227993;163469,152,37;163374,152,-105;448962,21,-106;163374,151,-107;163411,151,-109;
50RNV-1419-337-50;30.88303079,117.74254320;30.88280673,117.74227993;30.88325486,117.74280648;30.88280372,117.74280299;30.88325786,117.74228341;163469,152,42;448962,21,-106;163411,151,-106;163374,151,-107;163374,152,-107;163457,150,-110;
50RNV-1419-336-50;30.88257966,117.74253972;30.88235559,117.74227645;30.88280372,117.74280299;30.88235259,117.74279951;30.88280673,117.74227993;163469,152,42;448962,21,-108;163374,152,-108;163411,151,-110;163374,151,-110;163457,150,-112;
50RNV-1419-336-50;30.88257966,117.74253972;30.88235559,117.74227645;30.88280372,117.74280299;30.88235259,117.74279951;30.88280673,117.74227993;163469,152,42;163411,151,-107;448962,21,-108;163374,152,-109;163374,151,-110;
50RNV-1419-336-50;30.88257966,117.74253972;30.88235559,117.74227645;30.88280372,117.74280299;30.88235259,117.74279951;30.88280673,117.74227993;163469,152,41;163395,151,-105;448962,21,-106;163374,151,-107;163411,151,-107;163374,152,-109;
50RNV-1419-336-50;30.88257966,117.74253972;30.88235559,117.74227645;30.88280372,117.74280299;30.88235259,117.74279951;30.88280673,117.74227993;163469,152,41;163411,151,-107;448962,21,-107;163374,151,-109;163457,150,-113;
50RNV-1477-515-50;30.96315349,117.77352681;30.96292950,117.77326324;30.96337749,117.77379037;30.96292636,117.77378674;30.96338062,117.77326688;163469,151,49;
50RNV-1419-336-50;30.88257966,117.74253972;30.88235559,117.74227645;30.88280372,117.74280299;30.88235259,117.74279951;30.88280673,117.74227993;163469,152,43;448962,21,-108;163411,151,-109;163395,151,-110;163374,151,-110;163352,151,-111;
50RNV-1419-337-50;30.88303079,117.74254320;30.88280673,117.74227993;30.88325486,117.74280648;30.88280372,117.74280299;30.88325786,117.74228341;163469,152,40;448962,21,-101;163411,151,-108;163352,151,-108;163457,150,-108;
50RNV-1419-336-50;30.88257966,117.74253972;30.88235559,117.74227645;30.88280372,117.74280299;30.88235259,117.74279951;30.88280673,117.74227993;163469,152,43;448962,21,-106;163374,151,-108;163370,151,-109;163457,150,-110;
50RNV-1419-336-50;30.88257966,117.74253972;30.88235559,117.74227645;30.88280372,117.74280299;30.88235259,117.74279951;30.88280673,117.74227993;163469,152,38;163374,152,-108;163411,151,-109;163374,151,-109;163457,150,-111;
50RNV-1419-336-50;30.88257966,117.74253972;30.88235559,117.74227645;30.88280372,117.74280299;30.88235259,117.74279951;30.88280673,117.74227993;163469,152,41;448962,21,-106;163411,151,-107;163374,152,-108;163352,151,-112;
50RNV-1419-336-50;30.88257966,117.74253972;30.88235559,117.74227645;30.88280372,117.74280299;30.88235259,117.74279951;30.88280673,117.74227993;163469,152,41;163411,151,-106;163370,151,-109;448962,21,-109;163374,151,-110;163374,152,-113;163457,150,-108;
50RNV-1477-515-50;30.96315349,117.77352681;30.96292950,117.77326324;30.96337749,117.77379037;30.96292636,117.77378674;30.96338062,117.77326688;163469,151,55;
50RNV-1419-336-50;30.88257966,117.74253972;30.88235559,117.74227645;30.88280372,117.74280299;30.88235259,117.74279951;30.88280673,117.74227993;163469,152,41;163411,151,-107;163374,152,-108;163370,151,-109;163374,151,-112;
50RNV-1477-514-50;30.96270237,117.77352317;30.96247838,117.77325961;30.96292636,117.77378674;30.96247524,117.77378310;30.96292950,117.77326324;163469,151,55;
50RNV-1419-336-50;30.88257966,117.74253972;30.88235559,117.74227645;30.88280372,117.74280299;30.88235259,117.74279951;30.88280673,117.74227993;163469,152,41;163411,151,-107;163374,152,-110;163352,151,-112;163374,151,-112;448962,21,-113;
50RNV-1419-336-50;30.88257966,117.74253972;30.88235559,117.74227645;30.88280372,117.74280299;30.88235259,117.74279951;30.88280673,117.74227993;163469,152,42;163374,151,-109;163374,152,-109;448962,21,-110;163411,151,-111;
50RNV-1419-336-50;30.88257966,117.74253972;30.88235559,117.74227645;30.88280372,117.74280299;30.88235259,117.74279951;30.88280673,117.74227993;163469,152,42;448962,21,-106;163374,152,-108;163411,151,-108;163374,151,-108;448962,20,-111;163352,151,-111;
50RNV-1419-336-50;30.88257966,117.74253972;30.88235559,117.74227645;30.88280372,117.74280299;30.88235259,117.74279951;30.88280673,117.74227993;163469,152,41;163411,151,-107;163457,150,-107;163374,152,-108;163374,151,-111;
50RNV-1419-336-50;30.88257966,117.74253972;30.88235559,117.74227645;30.88280372,117.74280299;30.88235259,117.74279951;30.88280673,117.74227993;163469,152,43;163374,152,-109;163411,151,-109;163457,150,-111;448962,21,-112;
50RNV-1419-336-50;30.88257966,117.74253972;30.88235559,117.74227645;30.88280372,117.74280299;30.88235259,117.74279951;30.88280673,117.74227993;163469,152,42;163374,152,-106;448962,21,-108;448962,20,-111;163396,151,-111;163457,150,-111;
50RNV-1419-336-50;30.88257966,117.74253972;30.88235559,117.74227645;30.88280372,117.74280299;30.88235259,117.74279951;30.88280673,117.74227993;163469,152,44;448962,21,-107;163374,152,-109;163457,150,-111;
50RNV-1419-336-50;30.88257966,117.74253972;30.88235559,117.74227645;30.88280372,117.74280299;30.88235259,117.74279951;30.88280673,117.74227993;163469,152,42;163374,151,-107;448962,21,-108;163374,152,-109;163411,151,-109;
50RNV-1477-515-50;30.96315349,117.77352681;30.96292950,117.77326324;30.96337749,117.77379037;30.96292636,117.77378674;30.96338062,117.77326688;163469,151,51;
50RNV-1419-336-50;30.88257966,117.74253972;30.88235559,117.74227645;30.88280372,117.74280299;30.88235259,117.74279951;30.88280673,117.74227993;163469,152,40;448962,21,-100;163411,151,-101;163395,151,-101;163457,150,-105;
50RNV-1419-336-50;30.88257966,117.74253972;30.88235559,117.74227645;30.88280372,117.74280299;30.88235259,117.74279951;30.88280673,117.74227993;163469,152,41;163411,151,-107;163374,151,-111;163374,152,-111;163457,150,-112;
50RNV-1419-336-50;30.88257966,117.74253972;30.88235559,117.74227645;30.88280372,117.74280299;30.88235259,117.74279951;30.88280673,117.74227993;163469,152,37;163374,152,-105;448962,21,-106;163374,151,-107;163411,151,-109;
50RNV-1419-337-50;30.88303079,117.74254320;30.88280673,117.74227993;30.88325486,117.74280648;30.88280372,117.74280299;30.88325786,117.74228341;163469,152,42;448962,21,-106;163411,151,-106;163374,151,-107;163374,152,-107;163457,150,-110;
50RNV-1419-336-50;30.88257966,117.74253972;30.88235559,117.74227645;30.88280372,117.74280299;30.88235259,117.74279951;30.88280673,117.74227993;163469,152,42;448962,21,-108;163374,152,-108;163411,151,-110;163374,151,-110;163457,150,-112;
50RNV-1419-336-50;30.88257966,117.74253972;30.88235559,117.74227645;30.88280372,117.74280299;30.88235259,117.74279951;30.88280673,117.74227993;163469,152,42;163411,151,-107;448962,21,-108;163374,152,-109;163374,151,-110;
50RNV-1419-336-50;30.88257966,117.74253972;30.88235559,117.74227645;30.88280372,117.74280299;30.88235259,117.74279951;30.88280673,117.74227993;163469,152,41;163395,151,-105;448962,21,-106;163374,151,-107;163411,151,-107;163374,152,-109;
50RNV-1419-336-50;30.88257966,117.74253972;30.88235559,117.74227645;30.88280372,117.74280299;30.88235259,117.74279951;30.88280673,117.74227993;163469,152,41;163411,151,-107;448962,21,-107;163374,151,-109;163457,150,-113;
50RNV-1477-515-50;30.96315349,117.77352681;30.96292950,117.77326324;30.96337749,117.77379037;30.96292636,117.77378674;30.96338062,117.77326688;163469,151,49;
50RNV-1419-336-50;30.88257966,117.74253972;30.88235559,117.74227645;30.88280372,117.74280299;30.88235259,117.74279951;30.88280673,117.74227993;163469,152,43;448962,21,-108;163411,151,-109;163395,151,-110;163374,151,-110;163352,151,-111;
50RNV-1419-337-50;30.88303079,117.74254320;30.88280673,117.74227993;30.88325486,117.74280648;30.88280372,117.74280299;30.88325786,117.74228341;163469,152,40;448962,21,-101;163411,151,-108;163352,151,-108;163457,150,-108;
50RNV-1419-336-50;30.88257966,117.74253972;30.88235559,117.74227645;30.88280372,117.74280299;30.88235259,117.74279951;30.88280673,117.74227993;163469,152,43;448962,21,-106;163374,151,-108;163370,151,-109;163457,150,-110;
50RNV-1419-336-50;30.88257966,117.74253972;30.88235559,117.74227645;30.88280372,117.74280299;30.88235259,117.74279951;30.88280673,117.74227993;163469,152,38;163374,152,-108;163411,151,-109;163374,151,-109;163457,150,-111;
50RNV-1419-336-50;30.88257966,117.74253972;30.88235559,117.74227645;30.88280372,117.74280299;30.88235259,117.74279951;30.88280673,117.74227993;163469,152,41;448962,21,-106;163411,151,-107;163374,152,-108;163352,151,-112;
50RNV-1419-336-50;30.88257966,117.74253972;30.88235559,117.74227645;30.88280372,117.74280299;30.88235259,117.74279951;30.88280673,117.74227993;163469,152,41;163411,151,-106;163370,151,-109;448962,21,-109;163374,151,-110;163374,152,-113;163457,150,-108;
50RNV-1477-515-50;30.96315349,117.77352681;30.96292950,117.77326324;30.96337749,117.77379037;30.96292636,117.77378674;30.96338062,117.77326688;163469,151,55;
50RNV-1419-336-50;30.88257966,117.74253972;30.88235559,117.74227645;30.88280372,117.74280299;30.88235259,117.74279951;30.88280673,117.74227993;163469,152,41;163411,151,-107;163374,152,-108;163370,151,-109;163374,151,-112;
50RNV-1477-514-50;30.96270237,117.77352317;30.96247838,117.77325961;30.96292636,117.77378674;30.96247524,117.77378310;30.96292950,117.77326324;163469,151,55;
50RNV-1419-336-50;30.88257966,117.74253972;30.88235559,117.74227645;30.88280372,117.74280299;30.88235259,117.74279951;30.88280673,117.74227993;163469,152,41;163411,151,-107;163374,152,-110;163352,151,-112;163374,151,-112;448962,21,-113;
50RNV-1419-336-50;30.88257966,117.74253972;30.88235559,117.74227645;30.88280372,117.74280299;30.88235259,117.74279951;30.88280673,117.74227993;163469,152,42;163374,151,-109;163374,152,-109;448962,21,-110;163411,151,-111;
50RNV-1419-336-50;30.88257966,117.74253972;30.88235559,117.74227645;30.88280372,117.74280299;30.88235259,117.74279951;30.88280673,117.74227993;163469,152,42;448962,21,-106;163374,152,-108;163411,151,-108;163374,151,-108;448962,20,-111;163352,151,-111;
50RNV-1419-336-50;30.88257966,117.74253972;30.88235559,117.74227645;30.88280372,117.74280299;30.88235259,117.74279951;30.88280673,117.74227993;163469,152,41;163411,151,-107;163457,150,-107;163374,152,-108;163374,151,-111;
50RNV-1419-336-50;30.88257966,117.74253972;30.88235559,117.74227645;30.88280372,117.74280299;30.88235259,117.74279951;30.88280673,117.74227993;163469,152,43;163374,152,-109;163411,151,-109;163457,150,-111;448962,21,-112;
50RNV-1419-336-50;30.88257966,117.74253972;30.88235559,117.74227645;30.88280372,117.74280299;30.88235259,117.74279951;30.88280673,117.74227993;163469,152,42;163374,152,-106;448962,21,-108;448962,20,-111;163396,151,-111;163457,150,-111;
50RNV-1419-336-50;30.88257966,117.74253972;30.88235559,117.74227645;30.88280372,117.74280299;30.88235259,117.74279951;30.88280673,117.74227993;163469,152,44;448962,21,-107;163374,152,-109;163457,150,-111;
50RNV-1419-336-50;30.88257966,117.74253972;30.88235559,117.74227645;30.88280372,117.74280299;30.88235259,117.74279951;30.88280673,117.74227993;163469,152,42;163374,151,-107;448962,21,-108;163374,152,-109;163411,151,-109;
50RNV-1477-515-50;30.96315349,117.77352681;30.96292950,117.77326324;30.96337749,117.77379037;30.96292636,117.77378674;30.96338062,117.77326688;163469,151,51;
50RNV-1419-336-50;30.88257966,117.74253972;30.88235559,117.74227645;30.88280372,117.74280299;30.88235259,117.74279951;30.88280673,117.74227993;163469,152,40;448962,21,-100;163411,151,-101;163395,151,-101;163457,150,-105;
50RNV-1419-336-50;30.88257966,117.74253972;30.88235559,117.74227645;30.88280372,117.74280299;30.88235259,117.74279951;30.88280673,117.74227993;163469,152,41;163411,151,-107;163374,151,-111;163374,152,-111;163457,150,-112;
50RNV-1419-336-50;30.88257966,117.74253972;30.88235559,117.74227645;30.88280372,117.74280299;30.88235259,117.74279951;30.88280673,117.74227993;163469,152,37;163374,152,-105;448962,21,-106;163374,151,-107;163411,151,-109;
50RNV-1419-337-50;30.88303079,117.74254320;30.88280673,117.74227993;30.88325486,117.74280648;30.88280372,117.74280299;30.88325786,117.74228341;163469,152,42;448962,21,-106;163411,151,-106;163374,151,-107;163374,152,-107;163457,150,-110;
50RNV-1419-336-50;30.88257966,117.74253972;30.88235559,117.74227645;30.88280372,117.74280299;30.88235259,117.74279951;30.88280673,117.74227993;163469,152,42;448962,21,-108;163374,152,-108;163411,151,-110;163374,151,-110;163457,150,-112;
50RNV-1419-336-50;30.88257966,117.74253972;30.88235559,117.74227645;30.88280372,117.74280299;30.88235259,117.74279951;30.88280673,117.74227993;163469,152,42;163411,151,-107;448962,21,-108;163374,152,-109;163374,151,-110;
50RNV-1419-336-50;30.88257966,117.74253972;30.88235559,117.74227645;30.88280372,117.74280299;30.88235259,117.74279951;30.88280673,117.74227993;163469,152,41;163395,151,-105;448962,21,-106;163374,151,-107;163411,151,-107;163374,152,-109;
50RNV-1419-336-50;30.88257966,117.74253972;30.88235559,117.74227645;30.88280372,117.74280299;30.88235259,117.74279951;30.88280673,117.74227993;163469,152,41;163411,151,-107;448962,21,-107;163374,151,-109;163457,150,-113;
50RNV-1477-515-50;30.96315349,117.77352681;30.96292950,117.77326324;30.96337749,117.77379037;30.96292636,117.77378674;30.96338062,117.77326688;163469,151,49;
50RNV-1419-336-50;30.88257966,117.74253972;30.88235559,117.74227645;30.88280372,117.74280299;30.88235259,117.74279951;30.88280673,117.74227993;163469,152,43;448962,21,-108;163411,151,-109;163395,151,-110;163374,151,-110;163352,151,-111;
50RNV-1419-337-50;30.88303079,117.74254320;30.88280673,117.74227993;30.88325486,117.74280648;30.88280372,117.74280299;30.88325786,117.74228341;163469,152,40;448962,21,-101;163411,151,-108;163352,151,-108;163457,150,-108;
50RNV-1419-336-50;30.88257966,117.74253972;30.88235559,117.74227645;30.88280372,117.74280299;30.88235259,117.74279951;30.88280673,117.74227993;163469,152,43;448962,21,-106;163374,151,-108;163370,151,-109;163457,150,-110;
50RNV-1419-336-50;30.88257966,117.74253972;30.88235559,117.74227645;30.88280372,117.74280299;30.88235259,117.74279951;30.88280673,117.74227993;163469,152,38;163374,152,-108;163411,151,-109;163374,151,-109;163457,150,-111;
50RNV-1419-336-50;30.88257966,117.74253972;30.88235559,117.74227645;30.88280372,117.74280299;30.88235259,117.74279951;30.88280673,117.74227993;163469,152,41;448962,21,-106;163411,151,-107;163374,152,-108;163352,151,-112;
50RNV-1419-336-50;30.88257966,117.74253972;30.88235559,117.74227645;30.88280372,117.74280299;30.88235259,117.74279951;30.88280673,117.74227993;163469,152,41;163411,151,-106;163370,151,-109;448962,21,-109;163374,151,-110;163374,152,-113;163457,150,-108;
50RNV-1477-515-50;30.96315349,117.77352681;30.96292950,117.77326324;30.96337749,117.77379037;30.96292636,117.77378674;30.96338062,117.77326688;163469,151,55;
